============================================================
log10(x) x                          f(x)=(x^3)/6/(sinh(x)-x)
============================================================
-10.0000 1.e-10                     1. 
-9.99000 1.02329299228075413097e-10 1. 
-9.98000 1.04712854805089953346e-10 1. 
-9.97000 1.07151930523760641741e-10 1. 
-9.96000 1.09647819614318501314e-10 1. 
-9.95000 1.12201845430196343559e-10 1. 
-9.94000 1.14815362149688275155e-10 1. 
-9.93000 1.17489755493952954172e-10 1. 
-9.92000 1.20226443461741290583e-10 1. 
-9.91000 1.23026877081238153424e-10 1. 
-9.90000 1.25892541179416721042e-10 1. 
-9.89000 1.28824955169313396284e-10 1. 
-9.88000 1.31825673855640710205e-10 1. 
-9.87000 1.34896288259165360925e-10 1. 
-9.86000 1.38038426460288483784e-10 1. 
-9.85000 1.41253754462275430216e-10 1. 
-9.84000 1.44543977074592751193e-10 1. 
-9.83000 1.4791083881682074222e-10 1. 
-9.82000 1.51356124843620816246e-10 1. 
-9.81000 1.54881661891248134467e-10 1. 
-9.80000 1.5848931924611134852e-10 1. 
-9.79000 1.62181009735892997285e-10 1. 
-9.78000 1.65958690743756063431e-10 1. 
-9.77000 1.69824365246174435463e-10 1. 
-9.76000 1.737800828749375467e-10 1. 
-9.75000 1.77827941003892280123e-10 1. 
-9.74000 1.8197008586099834401e-10 1. 
-9.73000 1.86208713666286744867e-10 1. 
-9.72000 1.90546071796324718269e-10 1. 
-9.71000 1.94984459975804532357e-10 1. 
-9.70000 1.99526231496887960135e-10 1. 
-9.69000 2.04173794466952933144e-10 1. 
-9.68000 2.08929613085403948312e-10 1. 
-9.67000 2.13796208950223209752e-10 1. 
-9.66000 2.18776162394955256223e-10 1. 
-9.65000 2.23872113856833961195e-10 1. 
-9.64000 2.29086765276777304572e-10 1. 
-9.63000 2.34422881531992211815e-10 1. 
-9.62000 2.39883291901949046532e-10 1. 
-9.61000 2.45470891568503035608e-10 1. 
-9.60000 2.51188643150958011109e-10 1. 
-9.59000 2.5703957827688638007e-10 1. 
-9.58000 2.63026799189538191729e-10 1. 
-9.57000 2.6915348039269157174e-10 1. 
-9.56000 2.75422870333816644863e-10 1. 
-9.55000 2.8183829312644538191e-10 1. 
-9.54000 2.88403150312660594239e-10 1. 
-9.53000 2.95120922666638570793e-10 1. 
-9.52000 3.01995172040201619863e-10 1. 
-9.51000 3.09029543251359051955e-10 1. 
-9.50000 3.162277660168379332e-10 1. 
-9.49000 3.23593656929628262679e-10 0.99999999999999999999 
-9.48000 3.31131121482591094302e-10 0.99999999999999999999 
-9.47000 3.38844156139202547048e-10 0.99999999999999999999 
-9.46000 3.46736850452531639453e-10 0.99999999999999999999 
-9.45000 3.54813389233575458433e-10 0.99999999999999999999 
-9.44000 3.63078054770101342467e-10 0.99999999999999999999 
-9.43000 3.71535229097172538617e-10 0.99999999999999999999 
-9.42000 3.8018939632056119615e-10 0.99999999999999999999 
-9.41000 3.89045144994280601094e-10 0.99999999999999999999 
-9.40000 3.9810717055349725077e-10 0.99999999999999999999 
-9.39000 4.07380277804112730505e-10 0.99999999999999999999 
-9.38000 4.16869383470335401771e-10 0.99999999999999999999 
-9.37000 4.26579518801592658005e-10 0.99999999999999999999 
-9.36000 4.36515832240165967464e-10 0.99999999999999999999 
-9.35000 4.46683592150963118556e-10 0.99999999999999999999 
-9.34000 4.57088189614875029e-10 0.99999999999999999999 
-9.33000 4.67735141287198193582e-10 0.99999999999999999999 
-9.32000 4.78630092322638343922e-10 0.99999999999999999999 
-9.31000 4.8977881936844619591e-10 0.99999999999999999999 
-9.30000 5.01187233627272285002e-10 0.99999999999999999999 
-9.29000 5.12861383991364855546e-10 0.99999999999999999999 
-9.28000 5.24807460249772597364e-10 0.99999999999999999999 
-9.27000 5.37031796370252730904e-10 0.99999999999999999999 
-9.26000 5.49540873857624552094e-10 0.99999999999999999998 
-9.25000 5.62341325190349080395e-10 0.99999999999999999998 
-9.24000 5.75439937337156930062e-10 0.99999999999999999998 
-9.23000 5.88843655355588967267e-10 0.99999999999999999998 
-9.22000 6.02559586074357746971e-10 0.99999999999999999998 
-9.21000 6.1659500186148216632e-10 0.99999999999999999998 
-9.20000 6.30957344480193249434e-10 0.99999999999999999998 
-9.19000 6.45654229034655515878e-10 0.99999999999999999998 
-9.18000 6.6069344800759600651e-10 0.99999999999999999998 
-9.17000 6.76082975391981771059e-10 0.99999999999999999998 
-9.16000 6.91830970918936487534e-10 0.99999999999999999998 
-9.15000 7.07945784384137910802e-10 0.99999999999999999997 
-9.14000 7.24435960074990063551e-10 0.99999999999999999997 
-9.13000 7.41310241300917514913e-10 0.99999999999999999997 
-9.12000 7.58577575029183768754e-10 0.99999999999999999997 
-9.11000 7.76247116628691733894e-10 0.99999999999999999997 
-9.10000 7.94328234724281502066e-10 0.99999999999999999997 
-9.09000 8.12830516164099246541e-10 0.99999999999999999997 
-9.08000 8.31763771102671006167e-10 0.99999999999999999997 
-9.07000 8.51138038202376467817e-10 0.99999999999999999996 
-9.06000 8.70963589956080637511e-10 0.99999999999999999996 
-9.05000 8.91250938133745529953e-10 0.99999999999999999996 
-9.04000 9.12010839355909742121e-10 0.99999999999999999996 
-9.03000 9.33254300796991043532e-10 0.99999999999999999996 
-9.02000 9.54992586021435949724e-10 0.99999999999999999995 
-9.01000 9.77237220955810682697e-10 0.99999999999999999995 
-9.00000 1.e-9 0.99999999999999999995 
-8.99000 1.02329299228075413097e-9 0.99999999999999999995 
-8.98000 1.04712854805089953346e-9 0.99999999999999999995 
-8.97000 1.07151930523760641741e-9 0.99999999999999999994 
-8.96000 1.09647819614318501314e-9 0.99999999999999999994 
-8.95000 1.12201845430196343559e-9 0.99999999999999999994 
-8.94000 1.14815362149688275155e-9 0.99999999999999999993 
-8.93000 1.17489755493952954172e-9 0.99999999999999999993 
-8.92000 1.20226443461741290583e-9 0.99999999999999999993 
-8.91000 1.23026877081238153424e-9 0.99999999999999999992 
-8.90000 1.25892541179416721042e-9 0.99999999999999999992 
-8.89000 1.28824955169313396284e-9 0.99999999999999999992 
-8.88000 1.31825673855640710205e-9 0.99999999999999999991 
-8.87000 1.34896288259165360925e-9 0.99999999999999999991 
-8.86000 1.38038426460288483784e-9 0.9999999999999999999 
-8.85000 1.41253754462275430216e-9 0.9999999999999999999 
-8.84000 1.44543977074592751193e-9 0.9999999999999999999 
-8.83000 1.4791083881682074222e-9 0.99999999999999999989 
-8.82000 1.51356124843620816246e-9 0.99999999999999999989 
-8.81000 1.54881661891248134467e-9 0.99999999999999999988 
-8.80000 1.5848931924611134852e-9 0.99999999999999999987 
-8.79000 1.62181009735892997285e-9 0.99999999999999999987 
-8.78000 1.65958690743756063431e-9 0.99999999999999999986 
-8.77000 1.69824365246174435463e-9 0.99999999999999999986 
-8.76000 1.737800828749375467e-9 0.99999999999999999985 
-8.75000 1.77827941003892280123e-9 0.99999999999999999984 
-8.74000 1.8197008586099834401e-9 0.99999999999999999983 
-8.73000 1.86208713666286744867e-9 0.99999999999999999983 
-8.72000 1.90546071796324718269e-9 0.99999999999999999982 
-8.71000 1.94984459975804532357e-9 0.99999999999999999981 
-8.70000 1.99526231496887960135e-9 0.9999999999999999998 
-8.69000 2.04173794466952933144e-9 0.99999999999999999979 
-8.68000 2.08929613085403948312e-9 0.99999999999999999978 
-8.67000 2.13796208950223209752e-9 0.99999999999999999977 
-8.66000 2.18776162394955256223e-9 0.99999999999999999976 
-8.65000 2.23872113856833961195e-9 0.99999999999999999975 
-8.64000 2.29086765276777304572e-9 0.99999999999999999974 
-8.63000 2.34422881531992211815e-9 0.99999999999999999973 
-8.62000 2.39883291901949046532e-9 0.99999999999999999971 
-8.61000 2.45470891568503035608e-9 0.9999999999999999997 
-8.60000 2.51188643150958011109e-9 0.99999999999999999968 
-8.59000 2.5703957827688638007e-9 0.99999999999999999967 
-8.58000 2.63026799189538191729e-9 0.99999999999999999965 
-8.57000 2.6915348039269157174e-9 0.99999999999999999964 
-8.56000 2.75422870333816644863e-9 0.99999999999999999962 
-8.55000 2.8183829312644538191e-9 0.9999999999999999996 
-8.54000 2.88403150312660594239e-9 0.99999999999999999958 
-8.53000 2.95120922666638570793e-9 0.99999999999999999956 
-8.52000 3.01995172040201619863e-9 0.99999999999999999954 
-8.51000 3.09029543251359051955e-9 0.99999999999999999952 
-8.50000 3.162277660168379332e-9 0.9999999999999999995 
-8.49000 3.23593656929628262679e-9 0.99999999999999999948 
-8.48000 3.31131121482591094302e-9 0.99999999999999999945 
-8.47000 3.38844156139202547048e-9 0.99999999999999999943 
-8.46000 3.46736850452531639453e-9 0.9999999999999999994 
-8.45000 3.54813389233575458433e-9 0.99999999999999999937 
-8.44000 3.63078054770101342467e-9 0.99999999999999999934 
-8.43000 3.71535229097172538617e-9 0.99999999999999999931 
-8.42000 3.8018939632056119615e-9 0.99999999999999999928 
-8.41000 3.89045144994280601094e-9 0.99999999999999999924 
-8.40000 3.9810717055349725077e-9 0.99999999999999999921 
-8.39000 4.07380277804112730505e-9 0.99999999999999999917 
-8.38000 4.16869383470335401771e-9 0.99999999999999999913 
-8.37000 4.26579518801592658005e-9 0.99999999999999999909 
-8.36000 4.36515832240165967464e-9 0.99999999999999999905 
-8.35000 4.46683592150963118556e-9 0.999999999999999999 
-8.34000 4.57088189614875029e-9 0.99999999999999999896 
-8.33000 4.67735141287198193582e-9 0.99999999999999999891 
-8.32000 4.78630092322638343922e-9 0.99999999999999999885 
-8.31000 4.8977881936844619591e-9 0.9999999999999999988 
-8.30000 5.01187233627272285002e-9 0.99999999999999999874 
-8.29000 5.12861383991364855546e-9 0.99999999999999999868 
-8.28000 5.24807460249772597364e-9 0.99999999999999999862 
-8.27000 5.37031796370252730904e-9 0.99999999999999999856 
-8.26000 5.49540873857624552094e-9 0.99999999999999999849 
-8.25000 5.62341325190349080395e-9 0.99999999999999999842 
-8.24000 5.75439937337156930062e-9 0.99999999999999999834 
-8.23000 5.88843655355588967267e-9 0.99999999999999999827 
-8.22000 6.02559586074357746971e-9 0.99999999999999999818 
-8.21000 6.1659500186148216632e-9 0.9999999999999999981 
-8.20000 6.30957344480193249434e-9 0.99999999999999999801 
-8.19000 6.45654229034655515878e-9 0.99999999999999999792 
-8.18000 6.6069344800759600651e-9 0.99999999999999999782 
-8.17000 6.76082975391981771059e-9 0.99999999999999999771 
-8.16000 6.91830970918936487534e-9 0.99999999999999999761 
-8.15000 7.07945784384137910802e-9 0.99999999999999999749 
-8.14000 7.24435960074990063551e-9 0.99999999999999999738 
-8.13000 7.41310241300917514913e-9 0.99999999999999999725 
-8.12000 7.58577575029183768754e-9 0.99999999999999999712 
-8.11000 7.76247116628691733894e-9 0.99999999999999999699 
-8.10000 7.94328234724281502066e-9 0.99999999999999999685 
-8.09000 8.12830516164099246541e-9 0.9999999999999999967 
-8.08000 8.31763771102671006167e-9 0.99999999999999999654 
-8.07000 8.51138038202376467817e-9 0.99999999999999999638 
-8.06000 8.70963589956080637511e-9 0.99999999999999999621 
-8.05000 8.91250938133745529953e-9 0.99999999999999999603 
-8.04000 9.12010839355909742121e-9 0.99999999999999999584 
-8.03000 9.33254300796991043532e-9 0.99999999999999999565 
-8.02000 9.54992586021435949724e-9 0.99999999999999999544 
-8.01000 9.77237220955810682697e-9 0.99999999999999999523 
-8.00000 1.e-8 0.999999999999999995 
-7.99000 1.02329299228075413097e-8 0.99999999999999999476 
-7.98000 1.04712854805089953346e-8 0.99999999999999999452 
-7.97000 1.07151930523760641741e-8 0.99999999999999999426 
-7.96000 1.09647819614318501314e-8 0.99999999999999999399 
-7.95000 1.12201845430196343559e-8 0.99999999999999999371 
-7.94000 1.14815362149688275155e-8 0.99999999999999999341 
-7.93000 1.17489755493952954172e-8 0.9999999999999999931 
-7.92000 1.20226443461741290583e-8 0.99999999999999999277 
-7.91000 1.23026877081238153424e-8 0.99999999999999999243 
-7.90000 1.25892541179416721042e-8 0.99999999999999999208 
-7.89000 1.28824955169313396284e-8 0.9999999999999999917 
-7.88000 1.31825673855640710205e-8 0.99999999999999999131 
-7.87000 1.34896288259165360925e-8 0.9999999999999999909 
-7.86000 1.38038426460288483784e-8 0.99999999999999999047 
-7.85000 1.41253754462275430216e-8 0.99999999999999999002 
-7.84000 1.44543977074592751193e-8 0.99999999999999998955 
-7.83000 1.4791083881682074222e-8 0.99999999999999998906 
-7.82000 1.51356124843620816246e-8 0.99999999999999998855 
-7.81000 1.54881661891248134467e-8 0.99999999999999998801 
-7.80000 1.5848931924611134852e-8 0.99999999999999998744 
-7.79000 1.62181009735892997285e-8 0.99999999999999998685 
-7.78000 1.65958690743756063431e-8 0.99999999999999998623 
-7.77000 1.69824365246174435463e-8 0.99999999999999998558 
-7.76000 1.737800828749375467e-8 0.9999999999999999849 
-7.75000 1.77827941003892280123e-8 0.99999999999999998419 
-7.74000 1.8197008586099834401e-8 0.99999999999999998344 
-7.73000 1.86208713666286744867e-8 0.99999999999999998266 
-7.72000 1.90546071796324718269e-8 0.99999999999999998185 
-7.71000 1.94984459975804532357e-8 0.99999999999999998099 
-7.70000 1.99526231496887960135e-8 0.99999999999999998009 
-7.69000 2.04173794466952933144e-8 0.99999999999999997916 
-7.68000 2.08929613085403948312e-8 0.99999999999999997817 
-7.67000 2.13796208950223209752e-8 0.99999999999999997715 
-7.66000 2.18776162394955256223e-8 0.99999999999999997607 
-7.65000 2.23872113856833961195e-8 0.99999999999999997494 
-7.64000 2.29086765276777304572e-8 0.99999999999999997376 
-7.63000 2.34422881531992211815e-8 0.99999999999999997252 
-7.62000 2.39883291901949046532e-8 0.99999999999999997123 
-7.61000 2.45470891568503035608e-8 0.99999999999999996987 
-7.60000 2.51188643150958011109e-8 0.99999999999999996845 
-7.59000 2.5703957827688638007e-8 0.99999999999999996697 
-7.58000 2.63026799189538191729e-8 0.99999999999999996541 
-7.57000 2.6915348039269157174e-8 0.99999999999999996378 
-7.56000 2.75422870333816644863e-8 0.99999999999999996207 
-7.55000 2.8183829312644538191e-8 0.99999999999999996028 
-7.54000 2.88403150312660594239e-8 0.99999999999999995841 
-7.53000 2.95120922666638570793e-8 0.99999999999999995645 
-7.52000 3.01995172040201619863e-8 0.9999999999999999544 
-7.51000 3.09029543251359051955e-8 0.99999999999999995225 
-7.50000 3.162277660168379332e-8 0.99999999999999995 
-7.49000 3.23593656929628262679e-8 0.99999999999999994764 
-7.48000 3.31131121482591094302e-8 0.99999999999999994518 
-7.47000 3.38844156139202547048e-8 0.99999999999999994259 
-7.46000 3.46736850452531639453e-8 0.99999999999999993989 
-7.45000 3.54813389233575458433e-8 0.99999999999999993705 
-7.44000 3.63078054770101342467e-8 0.99999999999999993409 
-7.43000 3.71535229097172538617e-8 0.99999999999999993098 
-7.42000 3.8018939632056119615e-8 0.99999999999999992773 
-7.41000 3.89045144994280601094e-8 0.99999999999999992432 
-7.40000 3.9810717055349725077e-8 0.99999999999999992076 
-7.39000 4.07380277804112730505e-8 0.99999999999999991702 
-7.38000 4.16869383470335401771e-8 0.99999999999999991311 
-7.37000 4.26579518801592658005e-8 0.99999999999999990901 
-7.36000 4.36515832240165967464e-8 0.99999999999999990473 
-7.35000 4.46683592150963118556e-8 0.99999999999999990024 
-7.34000 4.57088189614875029e-8 0.99999999999999989554 
-7.33000 4.67735141287198193582e-8 0.99999999999999989061 
-7.32000 4.78630092322638343922e-8 0.99999999999999988546 
-7.31000 4.8977881936844619591e-8 0.99999999999999988006 
-7.30000 5.01187233627272285002e-8 0.99999999999999987441 
-7.29000 5.12861383991364855546e-8 0.99999999999999986849 
-7.28000 5.24807460249772597364e-8 0.99999999999999986229 
-7.27000 5.37031796370252730904e-8 0.9999999999999998558 
-7.26000 5.49540873857624552094e-8 0.999999999999999849 
-7.25000 5.62341325190349080395e-8 0.99999999999999984189 
-7.24000 5.75439937337156930062e-8 0.99999999999999983443 
-7.23000 5.88843655355588967267e-8 0.99999999999999982663 
-7.22000 6.02559586074357746971e-8 0.99999999999999981846 
-7.21000 6.1659500186148216632e-8 0.99999999999999980991 
-7.20000 6.30957344480193249434e-8 0.99999999999999980095 
-7.19000 6.45654229034655515878e-8 0.99999999999999979157 
-7.18000 6.6069344800759600651e-8 0.99999999999999978174 
-7.17000 6.76082975391981771059e-8 0.99999999999999977146 
-7.16000 6.91830970918936487534e-8 0.99999999999999976068 
-7.15000 7.07945784384137910802e-8 0.99999999999999974941 
-7.14000 7.24435960074990063551e-8 0.9999999999999997376 
-7.13000 7.41310241300917514913e-8 0.99999999999999972523 
-7.12000 7.58577575029183768754e-8 0.99999999999999971228 
-7.11000 7.76247116628691733894e-8 0.99999999999999969872 
-7.10000 7.94328234724281502066e-8 0.99999999999999968452 
-7.09000 8.12830516164099246541e-8 0.99999999999999966965 
-7.08000 8.31763771102671006167e-8 0.99999999999999965408 
-7.07000 8.51138038202376467817e-8 0.99999999999999963778 
-7.06000 8.70963589956080637511e-8 0.99999999999999962071 
-7.05000 8.91250938133745529953e-8 0.99999999999999960284 
-7.04000 9.12010839355909742121e-8 0.99999999999999958412 
-7.03000 9.33254300796991043532e-8 0.99999999999999956452 
-7.02000 9.54992586021435949724e-8 0.99999999999999954399 
-7.01000 9.77237220955810682697e-8 0.9999999999999995225 
-7.00000 1.e-7 0.9999999999999995 
-6.99000 1.02329299228075413097e-7 0.99999999999999947644 
-6.98000 1.04712854805089953346e-7 0.99999999999999945176 
-6.97000 1.07151930523760641741e-7 0.99999999999999942592 
-6.96000 1.09647819614318501314e-7 0.99999999999999939887 
-6.95000 1.12201845430196343559e-7 0.99999999999999937054 
-6.94000 1.14815362149688275155e-7 0.99999999999999934087 
-6.93000 1.17489755493952954172e-7 0.99999999999999930981 
-6.92000 1.20226443461741290583e-7 0.99999999999999927728 
-6.91000 1.23026877081238153424e-7 0.99999999999999924322 
-6.90000 1.25892541179416721042e-7 0.99999999999999920755 
-6.89000 1.28824955169313396284e-7 0.99999999999999917021 
-6.88000 1.31825673855640710205e-7 0.9999999999999991311 
-6.87000 1.34896288259165360925e-7 0.99999999999999909015 
-6.86000 1.38038426460288483784e-7 0.99999999999999904727 
-6.85000 1.41253754462275430216e-7 0.99999999999999900237 
-6.84000 1.44543977074592751193e-7 0.99999999999999895535 
-6.83000 1.4791083881682074222e-7 0.99999999999999890612 
-6.82000 1.51356124843620816246e-7 0.99999999999999885457 
-6.81000 1.54881661891248134467e-7 0.99999999999999880058 
-6.80000 1.5848931924611134852e-7 0.99999999999999874406 
-6.79000 1.62181009735892997285e-7 0.99999999999999868487 
-6.78000 1.65958690743756063431e-7 0.99999999999999862289 
-6.77000 1.69824365246174435463e-7 0.99999999999999855798 
-6.76000 1.737800828749375467e-7 0.99999999999999849002 
-6.75000 1.77827941003892280123e-7 0.99999999999999841886 
-6.74000 1.8197008586099834401e-7 0.99999999999999834434 
-6.73000 1.86208713666286744867e-7 0.99999999999999826632 
-6.72000 1.90546071796324718269e-7 0.99999999999999818461 
-6.71000 1.94984459975804532357e-7 0.99999999999999809905 
-6.70000 1.99526231496887960135e-7 0.99999999999999800946 
-6.69000 2.04173794466952933144e-7 0.99999999999999791565 
-6.68000 2.08929613085403948312e-7 0.99999999999999781742 
-6.67000 2.13796208950223209752e-7 0.99999999999999771456 
-6.66000 2.18776162394955256223e-7 0.99999999999999760685 
-6.65000 2.23872113856833961195e-7 0.99999999999999749406 
-6.64000 2.29086765276777304572e-7 0.99999999999999737596 
-6.63000 2.34422881531992211815e-7 0.9999999999999972523 
-6.62000 2.39883291901949046532e-7 0.9999999999999971228 
-6.61000 2.45470891568503035608e-7 0.9999999999999969872 
-6.60000 2.51188643150958011109e-7 0.99999999999999684521 
-6.59000 2.5703957827688638007e-7 0.99999999999999669653 
-6.58000 2.63026799189538191729e-7 0.99999999999999654085 
-6.57000 2.6915348039269157174e-7 0.99999999999999637782 
-6.56000 2.75422870333816644863e-7 0.99999999999999620711 
-6.55000 2.8183829312644538191e-7 0.99999999999999602836 
-6.54000 2.88403150312660594239e-7 0.99999999999999584118 
-6.53000 2.95120922666638570793e-7 0.99999999999999564518 
-6.52000 3.01995172040201619863e-7 0.99999999999999543995 
-6.51000 3.09029543251359051955e-7 0.99999999999999522504 
-6.50000 3.162277660168379332e-7 0.999999999999995 
-6.49000 3.23593656929628262679e-7 0.99999999999999476436 
-6.48000 3.31131121482591094302e-7 0.99999999999999451761 
-6.47000 3.38844156139202547048e-7 0.99999999999999425923 
-6.46000 3.46736850452531639453e-7 0.99999999999999398868 
-6.45000 3.54813389233575458433e-7 0.99999999999999370537 
-6.44000 3.63078054770101342467e-7 0.99999999999999340872 
-6.43000 3.71535229097172538617e-7 0.99999999999999309808 
-6.42000 3.8018939632056119615e-7 0.9999999999999927728 
-6.41000 3.89045144994280601094e-7 0.99999999999999243219 
-6.40000 3.9810717055349725077e-7 0.99999999999999207553 
-6.39000 4.07380277804112730505e-7 0.99999999999999170207 
-6.38000 4.16869383470335401771e-7 0.999999999999991311 
-6.37000 4.26579518801592658005e-7 0.9999999999999909015 
-6.36000 4.36515832240165967464e-7 0.9999999999999904727 
-6.35000 4.46683592150963118556e-7 0.99999999999999002369 
-6.34000 4.57088189614875029e-7 0.99999999999998955352 
-6.33000 4.67735141287198193582e-7 0.99999999999998906119 
-6.32000 4.78630092322638343922e-7 0.99999999999998854566 
-6.31000 4.8977881936844619591e-7 0.99999999999998800584 
-6.30000 5.01187233627272285002e-7 0.99999999999998744057 
-6.29000 5.12861383991364855546e-7 0.99999999999998684866 
-6.28000 5.24807460249772597364e-7 0.99999999999998622886 
-6.27000 5.37031796370252730904e-7 0.99999999999998557984 
-6.26000 5.49540873857624552094e-7 0.99999999999998490024 
-6.25000 5.62341325190349080395e-7 0.99999999999998418861 
-6.24000 5.75439937337156930062e-7 0.99999999999998344344 
-6.23000 5.88843655355588967267e-7 0.99999999999998266316 
-6.22000 6.02559586074357746971e-7 0.9999999999999818461 
-6.21000 6.1659500186148216632e-7 0.99999999999998099053 
-6.20000 6.30957344480193249434e-7 0.99999999999998009464 
-6.19000 6.45654229034655515878e-7 0.99999999999997915653 
-6.18000 6.6069344800759600651e-7 0.99999999999997817421 
-6.17000 6.76082975391981771059e-7 0.99999999999997714559 
-6.16000 6.91830970918936487534e-7 0.9999999999999760685 
-6.15000 7.07945784384137910802e-7 0.99999999999997494064 
-6.14000 7.24435960074990063551e-7 0.99999999999997375963 
-6.13000 7.41310241300917514913e-7 0.99999999999997252296 
-6.12000 7.58577575029183768754e-7 0.999999999999971228 
-6.11000 7.76247116628691733894e-7 0.99999999999996987202 
-6.10000 7.94328234724281502066e-7 0.99999999999996845213 
-6.09000 8.12830516164099246541e-7 0.99999999999996696533 
-6.08000 8.31763771102671006167e-7 0.99999999999996540845 
-6.07000 8.51138038202376467817e-7 0.9999999999999637782 
-6.06000 8.70963589956080637511e-7 0.99999999999996207112 
-6.05000 8.91250938133745529953e-7 0.99999999999996028359 
-6.04000 9.12010839355909742121e-7 0.99999999999995841181 
-6.03000 9.33254300796991043532e-7 0.99999999999995645182 
-6.02000 9.54992586021435949724e-7 0.99999999999995439946 
-6.01000 9.77237220955810682697e-7 0.99999999999995225037 
-6.00000 1.e-6 0.99999999999995 
-5.99000 1.02329299228075413097e-6 0.99999999999994764357 
-5.98000 1.04712854805089953346e-6 0.99999999999994517609 
-5.97000 1.07151930523760641741e-6 0.99999999999994259232 
-5.96000 1.09647819614318501314e-6 0.99999999999993988678 
-5.95000 1.12201845430196343559e-6 0.99999999999993705373 
-5.94000 1.14815362149688275155e-6 0.99999999999993408716 
-5.93000 1.17489755493952954172e-6 0.99999999999993098079 
-5.92000 1.20226443461741290583e-6 0.99999999999992772801 
-5.91000 1.23026877081238153424e-6 0.99999999999992432194 
-5.90000 1.25892541179416721042e-6 0.99999999999992075534 
-5.89000 1.28824955169313396284e-6 0.99999999999991702065 
-5.88000 1.31825673855640710205e-6 0.99999999999991310996 
-5.87000 1.34896288259165360925e-6 0.99999999999990901496 
-5.86000 1.38038426460288483784e-6 0.99999999999990472696 
-5.85000 1.41253754462275430216e-6 0.99999999999990023688 
-5.84000 1.44543977074592751193e-6 0.99999999999989553519 
-5.83000 1.4791083881682074222e-6 0.99999999999989061192 
-5.82000 1.51356124843620816246e-6 0.99999999999988545662 
-5.81000 1.54881661891248134467e-6 0.99999999999988005835 
-5.80000 1.5848931924611134852e-6 0.99999999999987440568 
-5.79000 1.62181009735892997285e-6 0.9999999999998684866 
-5.78000 1.65958690743756063431e-6 0.99999999999986228856 
-5.77000 1.69824365246174435463e-6 0.99999999999985579842 
-5.76000 1.737800828749375467e-6 0.99999999999984900241 
-5.75000 1.77827941003892280123e-6 0.99999999999984188612 
-5.74000 1.8197008586099834401e-6 0.99999999999983443444 
-5.73000 1.86208713666286744867e-6 0.99999999999982663157 
-5.72000 1.90546071796324718269e-6 0.99999999999981846097 
-5.71000 1.94984459975804532357e-6 0.9999999999998099053 
-5.70000 1.99526231496887960135e-6 0.99999999999980094641 
-5.69000 2.04173794466952933144e-6 0.99999999999979156531 
-5.68000 2.08929613085403948312e-6 0.99999999999978174208 
-5.67000 2.13796208950223209752e-6 0.99999999999977145591 
-5.66000 2.18776162394955256223e-6 0.99999999999976068495 
-5.65000 2.23872113856833961195e-6 0.99999999999974940638 
-5.64000 2.29086765276777304572e-6 0.99999999999973759627 
-5.63000 2.34422881531992211815e-6 0.99999999999972522956 
-5.62000 2.39883291901949046532e-6 0.99999999999971228003 
-5.61000 2.45470891568503035608e-6 0.99999999999969872021 
-5.60000 2.51188643150958011109e-6 0.99999999999968452133 
-5.59000 2.5703957827688638007e-6 0.99999999999966965328 
-5.58000 2.63026799189538191729e-6 0.99999999999965408451 
-5.57000 2.6915348039269157174e-6 0.99999999999963778202 
-5.56000 2.75422870333816644863e-6 0.99999999999962071121 
-5.55000 2.8183829312644538191e-6 0.99999999999960283588 
-5.54000 2.88403150312660594239e-6 0.99999999999958411811 
-5.53000 2.95120922666638570793e-6 0.99999999999956451821 
-5.52000 3.01995172040201619863e-6 0.99999999999954399458 
-5.51000 3.09029543251359051955e-6 0.99999999999952250371 
-5.50000 3.162277660168379332e-6 0.9999999999995 
-5.49000 3.23593656929628262679e-6 0.99999999999947643573 
-5.48000 3.31131121482591094302e-6 0.9999999999994517609 
-5.47000 3.38844156139202547048e-6 0.99999999999942592319 
-5.46000 3.46736850452531639453e-6 0.99999999999939886778 
-5.45000 3.54813389233575458433e-6 0.99999999999937053729 
-5.44000 3.63078054770101342467e-6 0.99999999999934087163 
-5.43000 3.71535229097172538617e-6 0.99999999999930980787 
-5.42000 3.8018939632056119615e-6 0.99999999999927728011 
-5.41000 3.89045144994280601094e-6 0.99999999999924321938 
-5.40000 3.9810717055349725077e-6 0.9999999999992075534 
-5.39000 4.07380277804112730505e-6 0.99999999999917020655 
-5.38000 4.16869383470335401771e-6 0.99999999999913109959 
-5.37000 4.26579518801592658005e-6 0.99999999999909014957 
-5.36000 4.36515832240165967464e-6 0.99999999999904726964 
-5.35000 4.46683592150963118556e-6 0.99999999999900236884 
-5.34000 4.57088189614875029e-6 0.99999999999895535193 
-5.33000 4.67735141287198193582e-6 0.99999999999890611919 
-5.32000 4.78630092322638343922e-6 0.99999999999885456617 
-5.31000 4.8977881936844619591e-6 0.99999999999880058354 
-5.30000 5.01187233627272285002e-6 0.99999999999874405678 
-5.29000 5.12861383991364855546e-6 0.999999999998684866 
-5.28000 5.24807460249772597364e-6 0.99999999999862288565 
-5.27000 5.37031796370252730904e-6 0.99999999999855798425 
-5.26000 5.49540873857624552094e-6 0.99999999999849002414 
-5.25000 5.62341325190349080395e-6 0.99999999999841886117 
-5.24000 5.75439937337156930062e-6 0.99999999999834434439 
-5.23000 5.88843655355588967267e-6 0.99999999999826631575 
-5.22000 6.02559586074357746971e-6 0.99999999999818460973 
-5.21000 6.1659500186148216632e-6 0.99999999999809905302 
-5.20000 6.30957344480193249434e-6 0.99999999999800946415 
-5.19000 6.45654229034655515878e-6 0.99999999999791565308 
-5.18000 6.6069344800759600651e-6 0.99999999999781742084 
-5.17000 6.76082975391981771059e-6 0.99999999999771455905 
-5.16000 6.91830970918936487534e-6 0.99999999999760684954 
-5.15000 7.07945784384137910802e-6 0.99999999999749406383 
-5.14000 7.24435960074990063551e-6 0.9999999999973759627 
-5.13000 7.41310241300917514913e-6 0.99999999999725229563 
-5.12000 7.58577575029183768754e-6 0.99999999999712280031 
-5.11000 7.76247116628691733894e-6 0.99999999999698720207 
-5.10000 7.94328234724281502066e-6 0.99999999999684521328 
-5.09000 8.12830516164099246541e-6 0.99999999999669653276 
-5.08000 8.31763771102671006167e-6 0.99999999999654084515 
-5.07000 8.51138038202376467817e-6 0.9999999999963778202 
-5.06000 8.70963589956080637511e-6 0.99999999999620711212 
-5.05000 8.91250938133745529953e-6 0.99999999999602835883 
-5.04000 9.12010839355909742121e-6 0.99999999999584118114 
-5.03000 9.33254300796991043532e-6 0.99999999999564518205 
-5.02000 9.54992586021435949724e-6 0.9999999999954399458 
-5.01000 9.77237220955810682697e-6 0.99999999999522503707 
-5.00000 1.e-5 0.999999999995 
-4.99000 0.0000102329299228075413097 0.99999999999476435726 
-4.98000 0.0000104712854805089953346 0.99999999999451760902 
-4.97000 0.0000107151930523760641741 0.99999999999425923189 
-4.96000 0.0000109647819614318501314 0.99999999999398867783 
-4.95000 0.0000112201845430196343559 0.99999999999370537294 
-4.94000 0.0000114815362149688275155 0.99999999999340871631 
-4.93000 0.0000117489755493952954172 0.99999999999309807868 
-4.92000 0.0000120226443461741290583 0.99999999999277280115 
-4.91000 0.0000123026877081238153424 0.99999999999243219376 
-4.90000 0.0000125892541179416721042 0.99999999999207553404 
-4.89000 0.0000128824955169313396284 0.99999999999170206546 
-4.88000 0.0000131825673855640710205 0.99999999999131099586 
-4.87000 0.0000134896288259165360925 0.99999999999090149571 
-4.86000 0.0000138038426460288483784 0.99999999999047269641 
-4.85000 0.0000141253754462275430216 0.99999999999002368843 
-4.84000 0.0000144543977074592751193 0.99999999998955351935 
-4.83000 0.000014791083881682074222 0.99999999998906119188 
-4.82000 0.0000151356124843620816246 0.99999999998854566174 
-4.81000 0.0000154881661891248134467 0.9999999999880058354 
-4.80000 0.000015848931924611134852 0.99999999998744056784 
-4.79000 0.0000162181009735892997285 0.99999999998684866004 
-4.78000 0.0000165958690743756063431 0.99999999998622885648 
-4.77000 0.0000169824365246174435463 0.99999999998557984248 
-4.76000 0.00001737800828749375467 0.9999999999849002414 
-4.75000 0.0000177827941003892280123 0.9999999999841886117 
-4.74000 0.000018197008586099834401 0.99999999998344344393 
-4.73000 0.0000186208713666286744867 0.99999999998266315748 
-4.72000 0.0000190546071796324718269 0.99999999998184609726 
-4.71000 0.0000194984459975804532357 0.99999999998099053018 
-4.70000 0.0000199526231496887960135 0.99999999998009464147 
-4.69000 0.0000204173794466952933144 0.99999999997915653083 
-4.68000 0.0000208929613085403948312 0.99999999997817420839 
-4.67000 0.0000213796208950223209752 0.99999999997714559052 
-4.66000 0.0000218776162394955256223 0.99999999997606849538 
-4.65000 0.0000223872113856833961195 0.99999999997494063832 
-4.64000 0.0000229086765276777304572 0.99999999997375962699 
-4.63000 0.0000234422881531992211815 0.99999999997252295631 
-4.62000 0.0000239883291901949046532 0.99999999997122800313 
-4.61000 0.0000245470891568503035608 0.9999999999698720207 
-4.60000 0.0000251188643150958011109 0.99999999996845213278 
-4.59000 0.000025703957827688638007 0.9999999999669653276 
-4.58000 0.0000263026799189538191729 0.99999999996540845145 
-4.57000 0.000026915348039269157174 0.999999999963778202 
-4.56000 0.0000275422870333816644863 0.99999999996207112125 
-4.55000 0.000028183829312644538191 0.99999999996028358826 
-4.54000 0.0000288403150312660594239 0.99999999995841181145 
-4.53000 0.0000295120922666638570793 0.9999999999564518205 
-4.52000 0.0000301995172040201619863 0.99999999995439945803 
-4.51000 0.0000309029543251359051955 0.9999999999522503707 
-4.50000 0.00003162277660168379332 0.99999999995 
-4.49000 0.0000323593656929628262679 0.9999999999476435726 
-4.48000 0.0000331131121482591094302 0.99999999994517609019 
-4.47000 0.0000338844156139202547048 0.99999999994259231893 
-4.46000 0.0000346736850452531639453 0.99999999993988677827 
-4.45000 0.0000354813389233575458433 0.99999999993705372941 
-4.44000 0.0000363078054770101342467 0.99999999993408716307 
-4.43000 0.0000371535229097172538617 0.99999999993098078677 
-4.42000 0.000038018939632056119615 0.99999999992772801147 
-4.41000 0.0000389045144994280601094 0.99999999992432193758 
-4.40000 0.000039810717055349725077 0.99999999992075534038 
-4.39000 0.0000407380277804112730505 0.99999999991702065463 
-4.38000 0.0000416869383470335401771 0.99999999991310995857 
-4.37000 0.0000426579518801592658005 0.99999999990901495707 
-4.36000 0.0000436515832240165967464 0.99999999990472696411 
-4.35000 0.0000446683592150963118556 0.99999999990023688426 
-4.34000 0.0000457088189614875029 0.99999999989553519346 
-4.33000 0.0000467735141287198193582 0.99999999989061191881 
-4.32000 0.0000478630092322638343922 0.99999999988545661737 
-4.31000 0.000048977881936844619591 0.99999999988005835406 
-4.30000 0.0000501187233627272285002 0.99999999987440567843 
-4.29000 0.0000512861383991364855546 0.99999999986848660041 
-4.28000 0.0000524807460249772597364 0.99999999986228856484 
-4.27000 0.0000537031796370252730904 0.99999999985579842485 
-4.26000 0.0000549540873857624552094 0.99999999984900241399 
-4.25000 0.0000562341325190349080395 0.999999999841886117 
-4.24000 0.0000575439937337156930062 0.99999999983443443927 
-4.23000 0.0000588843655355588967267 0.99999999982663157479 
-4.22000 0.0000602559586074357746971 0.99999999981846097263 
-4.21000 0.000061659500186148216632 0.99999999980990530186 
-4.20000 0.0000630957344480193249434 0.99999999980094641474 
-4.19000 0.0000645654229034655515878 0.99999999979156530829 
-4.18000 0.000066069344800759600651 0.9999999997817420839 
-4.17000 0.0000676082975391981771059 0.99999999977145590522 
-4.16000 0.0000691830970918936487534 0.99999999976068495387 
-4.15000 0.0000707945784384137910802 0.99999999974940638322 
-4.14000 0.0000724435960074990063551 0.99999999973759626991 
-4.13000 0.0000741310241300917514913 0.99999999972522956311 
-4.12000 0.0000758577575029183768754 0.99999999971228003137 
-4.11000 0.0000776247116628691733894 0.99999999969872020701 
-4.10000 0.0000794328234724281502066 0.99999999968452132781 
-4.09000 0.0000812830516164099246541 0.99999999966965327605 
-4.08000 0.0000831763771102671006167 0.9999999996540845146 
-4.07000 0.0000851138038202376467817 0.99999999963778202003 
-4.06000 0.0000870963589956080637511 0.99999999962071121256 
-4.05000 0.0000891250938133745529953 0.99999999960283588272 
-4.04000 0.0000912010839355909742121 0.99999999958411811454 
-4.03000 0.0000933254300796991043532 0.99999999956451820512 
-4.02000 0.0000954992586021435949724 0.99999999954399458043 
-4.01000 0.0000977237220955810682697 0.99999999952250370711 
-4.00000 0.0001 0.99999999950000000013 
-3.99000 0.000102329299228075413097 0.99999999947643572612 
-3.98000 0.000104712854805089953346 0.999999999451760902086 
-3.97000 0.000107151930523760641741 0.999999999425923189424 
-3.96000 0.000109647819614318501314 0.999999999398867782881 
-3.95000 0.000112201845430196343559 0.99999999937053729431 
-3.94000 0.000114815362149688275155 0.999999999340871630949 
-3.93000 0.000117489755493952954172 0.999999999309807867948 
-3.92000 0.000120226443461741290583 0.999999999277280114901 
-3.91000 0.000123026877081238153424 0.999999999243219376082 
-3.90000 0.000125892541179416721042 0.999999999207553404098 
-3.89000 0.000128824955169313396284 0.999999999170206546642 
-3.88000 0.000131825673855640710205 0.999999999131099586021 
-3.87000 0.000134896288259165360925 0.999999999090149571129 
-3.86000 0.000138038426460288483784 0.999999999047269641494 
-3.85000 0.000141253754462275430216 0.999999999002368843037 
-3.84000 0.000144543977074592751193 0.999999998955351935145 
-3.83000 0.00014791083881682074222 0.999999998906119188652 
-3.82000 0.000151356124843620816246 0.999999998854566174303 
-3.81000 0.000154881661891248134467 0.999999998800583541244 
-3.80000 0.00015848931924611134852 0.999999998744056785071 
-3.79000 0.000162181009735892997285 0.999999998684866004958 
-3.78000 0.000165958690743756063431 0.999999998622885649324 
-3.77000 0.000169824365246174435463 0.999999998557984249526 
-3.76000 0.0001737800828749375467 0.999999998490024140993 
-3.75000 0.000177827941003892280123 0.999999998418861171225 
-3.74000 0.00018197008586099834401 0.999999998344344394023 
-3.73000 0.000186208713666286744867 0.999999998266315749312 
-3.72000 0.000190546071796324718269 0.999999998184609727876 
-3.71000 0.000194984459975804532357 0.99999999809905302029 
-3.70000 0.000199526231496887960135 0.999999998009464149308 
-3.69000 0.000204173794466952933144 0.999999997915653084924 
-3.68000 0.000208929613085403948312 0.999999997817420841294 
-3.67000 0.000213796208950223209752 0.999999997714559054662 
-3.66000 0.000218776162394955256223 0.999999997606849541387 
-3.65000 0.000223872113856833961195 0.999999997494063835153 
-3.64000 0.000229086765276777304572 0.999999997375962702358 
-3.63000 0.000234422881531992211815 0.999999997252295634667 
-3.62000 0.000239883291901949046532 0.99999999712280031765 
-3.61000 0.000245470891568503035608 0.999999996987202074383 
-3.60000 0.000251188643150958011109 0.999999996845213282812 
-3.59000 0.00025703957827688638007 0.999999996696532765678 
-3.58000 0.000263026799189538191729 0.999999996540845151673 
-3.57000 0.00026915348039269157174 0.999999996377820206498 
-3.56000 0.000275422870333816644863 0.99999999620711213239 
-3.55000 0.00028183829312644538191 0.999999996028358834641 
-3.54000 0.000288403150312660594239 0.999999995841181153546 
-3.53000 0.000295120922666638570793 0.999999995645182060153 
-3.52000 0.000301995172040201619863 0.999999995439945814113 
-3.51000 0.000309029543251359051955 0.999999995225037081836 
-3.50000 0.0003162277660168379332 0.999999995000000013095 
-3.49000 0.000323593656929628262679 0.999999994764357274104 
-3.48000 0.000331131121482591094302 0.999999994517609035028 
-3.47000 0.000338844156139202547048 0.999999994259231909778 
-3.46000 0.000346736850452531639453 0.999999993988677845841 
-3.45000 0.000354813389233575458433 0.999999993705372961784 
-3.44000 0.000363078054770101342467 0.999999993408716329975 
-3.43000 0.000371535229097172538617 0.999999993098078701938 
-3.42000 0.00038018939632056119615 0.99999999277280117363 
-3.41000 0.000389045144994280601094 0.999999992432193787818 
-3.40000 0.00039810717055349725077 0.999999992075534070588 
-3.39000 0.000407380277804112730505 0.999999991702065498879 
-3.38000 0.000416869383470335401771 0.9999999913109958958 
-3.37000 0.000426579518801592658005 0.999999990901495750312 
-3.36000 0.000436515832240165967464 0.99999999047269645773 
-3.35000 0.000446683592150963118556 0.999999990023688477289 
-3.34000 0.000457088189614875029 0.999999989553519402893 
-3.33000 0.000467735141287198193582 0.99999998906119194293 
-3.32000 0.000478630092322638343922 0.999999988545661804886 
-3.31000 0.00048977881936844619591 0.999999988005835480258 
-3.30000 0.000501187233627272285002 0.999999987440567925077 
-3.29000 0.000512861383991364855546 0.99999998684866013112 
-3.28000 0.000524807460249772597364 0.999999986228856582647 
-3.27000 0.000537031796370252730904 0.999999985579842593288 
-3.26000 0.000549540873857624552094 0.99999998490024151742 
-3.25000 0.000562341325190349080395 0.99999998418861183011 
-3.24000 0.000575439937337156930062 0.999999983443444069457 
-3.23000 0.000588843655355588967267 0.999999982663157634813 
-3.22000 0.000602559586074357746971 0.999999981846097434124 
-3.21000 0.00061659500186148216632 0.999999980990530373256 
-3.20000 0.000630957344480193249434 0.999999980094641679871 
-3.19000 0.000645654229034655515878 0.999999979156531054052 
-3.18000 0.00066069344800759600651 0.999999978174208637516 
-3.17000 0.000676082975391981771059 0.999999977145590792855 
-3.16000 0.000691830970918936487534 0.999999976068495683863 
-3.15000 0.000707945784384137910802 0.999999974940638647574 
-3.14000 0.000724435960074990063551 0.999999973759627348184 
-3.13000 0.000741310241300917514913 0.999999972522956702589 
-3.12000 0.000758577575029183768754 0.999999971228003566766 
-3.11000 0.000776247116628691733894 0.999999969872021171741 
-3.10000 0.000794328234724281502066 0.999999968452133297321 
-3.09000 0.000812830516164099246541 0.999999966965328171248 
-3.08000 0.000831763771102671006167 0.999999965408452080831 
-3.07000 0.000851138038202376467817 0.999999963778202683498 
-3.06000 0.000870963589956080637511 0.999999962071122002093 
-3.05000 0.000891250938133745529953 0.99999996028358909004 
-3.04000 0.000912010839355909742121 0.999999958411812350836 
-3.03000 0.000933254300796991043532 0.999999956451821495571 
-3.02000 0.000954992586021435949724 0.999999954399459121419 
-3.01000 0.000977237220955810682697 0.999999952250371893228 
-3.00000 0.001 0.999999950000001309524 
-2.99000 0.00102329299228075413097 0.999999947643574033319 
-2.98000 0.00104712854805089953346 0.999999945176091767235 
-2.97000 0.00107151930523760641741 0.999999942592320651444 
-2.96000 0.00109647819614318501314 0.999999939886780161967 
-2.95000 0.00112201845430196343559 0.999999937053731485747 
-2.94000 0.00114815362149688275155 0.999999934087165347871 
-2.93000 0.00117489755493952954172 0.999999930980789265102 
-2.92000 0.00120226443461741290583 0.999999927728014198687 
-2.91000 0.00123026877081238153424 0.999999924321940578135 
-2.90000 0.00125892541179416721042 0.999999920755343666319 
-2.89000 0.00128824955169313396284 0.99999991702065823485 
-2.88000 0.00131825673855640710205 0.99999991310996251723 
-2.87000 0.00134896288259165360925 0.999999909014961405742 
-2.86000 0.00138038426460288483784 0.999999904726968856431 
-2.85000 0.00141253754462275430216 0.999999900236889464864 
-2.84000 0.00144543977074592751193 0.999999895535199173577 
-2.83000 0.0014791083881682074222 0.999999890611925070297 
-2.82000 0.00151356124843620816246 0.99999988545662423409 
-2.81000 0.00154881661891248134467 0.999999880058361584548 
-2.80000 0.0015848931924611134852 0.999999874405686687057 
-2.79000 0.00162181009735892997285 0.999999868486609464922 
-2.78000 0.00165958690743756063431 0.999999862288574766845 
-2.77000 0.00169824365246174435463 0.999999855798435735814 
-2.76000 0.001737800828749375467 0.999999849002425922898 
-2.75000 0.00177827941003892280123 0.999999841886130086818 
-2.74000 0.0018197008586099834401 0.999999834434453617347 
-2.73000 0.00186208713666286744867 0.999999826631590517672 
-2.72000 0.00190546071796324718269 0.999999818460989877834 
-2.71000 0.00194984459975804532357 0.999999809905320768096 
-2.70000 0.00199526231496887960135 0.999999800946435477804 
-2.69000 0.00204173794466952933144 0.999999791565331021746 
-2.68000 0.00208929613085403948312 0.999999781742108832377 
-2.67000 0.00213796208950223209752 0.999999771455932552391 
-2.66000 0.00218776162394955256223 0.999999760684983838136 
-2.65000 0.00223872113856833961195 0.999999749406416080112 
-2.64000 0.00229086765276777304572 0.999999737596305942391 
-2.63000 0.00234422881531992211815 0.999999725229602618171 
-2.62000 0.00239883291901949046532 0.999999712280074693826 
-2.61000 0.00245470891568503035608 0.999999698720254508752 
-2.60000 0.00251188643150958011109 0.99999968452137989298 
-2.59000 0.0025703957827688638007 0.999999669653333158983 
-2.58000 0.00263026799189538191729 0.999999654084577218274 
-2.57000 0.0026915348039269157174 0.999999637782088687283 
-2.56000 0.00275422870333816644863 0.999999620711287840628 
-2.55000 0.0028183829312644538191 0.999999602835965263215 
-2.54000 0.00288403150312660594239 0.999999584118205045564 
-2.53000 0.00295120922666638570793 0.999999564518304359484 
-2.52000 0.00301995172040201619863 0.999999543994689243474 
-2.51000 0.00309029543251359051955 0.999999522503826419253 
-2.50000 0.003162277660168379332 0.999999500000130952358 
-2.49000 0.00323593656929628262679 0.999999476435869560955 
-2.48000 0.00331131121482591094302 0.999999451761059367768 
-2.47000 0.00338844156139202547048 0.999999425923361880383 
-2.46000 0.00346736850452531639453 0.999999398867971975034 
-2.45000 0.00354813389233575458433 0.999999370537501648409 
-2.44000 0.00363078054770101342467 0.999999340871858290901 
-2.43000 0.00371535229097172538617 0.999999309808117223116 
-2.42000 0.0038018939632056119615 0.999999277280388225271 
-2.41000 0.00389045144994280601094 0.999999243219675776392 
-2.40000 0.0039810717055349725077 0.999999207553732706863 
-2.39000 0.00407380277804112730505 0.999999170206906953923 
-2.38000 0.00416869383470335401771 0.999999131099981095062 
-2.37000 0.00426579518801592658005 0.99999909015000431896 
-2.36000 0.00436515832240165967464 0.999999047270116477578 
-2.35000 0.00446683592150963118556 0.9999990023693638462 
-2.34000 0.00457088189614875029 0.999998955352506200651 
-2.33000 0.00467735141287198193582 0.99999890611981480249 
-2.32000 0.00478630092322638343922 0.999998854566860863708 
-2.31000 0.0048977881936844619591 0.999998800584294042243 
-2.30000 0.00501187233627272285002 0.999998744057610498519 
-2.29000 0.00512861383991364855546 0.999998684866910021028 
-2.28000 0.00524807460249772597364 0.999998622886641705843 
-2.27000 0.00537031796370252730904 0.99999855798533765062 
-2.26000 0.00549540873857624552094 0.999998490025334098281 
-2.25000 0.00562341325190349080395 0.999998418862479438909 
-2.24000 0.00575439937337156930062 0.999998344345828450533 
-2.23000 0.00588843655355588967267 0.999998266317322130307 
-2.22000 0.00602559586074357746971 0.999998184611452437003 
-2.21000 0.0061659500186148216632 0.999998099054911233753 
-2.20000 0.00630957344480193249434 0.999998009466222686466 
-2.19000 0.00645654229034655515878 0.999997915655358338255 
-2.18000 0.0066069344800759600651 0.999997817423334043478 
-2.17000 0.00676082975391981771059 0.999997714561787906506 
-2.16000 0.00691830970918936487534 0.999997606852538330078 
-2.15000 0.00707945784384137910802 0.999997494067121235897 
-2.14000 0.00724435960074990063551 0.999997375966305475951 
-2.13000 0.00741310241300917514913 0.999997252299585406827 
-2.12000 0.00758577575029183768754 0.999997122804649550807 
-2.11000 0.00776247116628691733894 0.999996987206824216866 
-2.10000 0.00794328234724281502066 0.999996845218490901571 
-2.09000 0.00812830516164099246541 0.99999669653847623429 
-2.08000 0.00831763771102671006167 0.99999654085141317289 
-2.07000 0.00851138038202376467817 0.999996377827072095147 
-2.06000 0.00870963589956080637511 0.999996207119660367254 
-2.05000 0.00891250938133745529953 0.999996028367088903976 
-2.04000 0.00912010839355909742121 0.999995841190204164991 
-2.03000 0.00933254300796991043532 0.999995645191983958699 
-2.02000 0.00954992586021435949724 0.999995439956695348015 
-2.01000 0.00977237220955810682697 0.999995225049012872322 
-2.00000 0.01 0.999995000013095215608 
-1.99000 0.0102329299228075413097 0.999994764371618362729 
-1.98000 0.0104712854805089953346 0.999994517624763193456 
-1.97000 0.0107151930523760641741 0.999994259249155367413 
-1.96000 0.0109647819614318501314 0.999993988696755251808 
-1.95000 0.0112201845430196343559 0.999993705393695538008 
-1.94000 0.0114815362149688275155 0.999993408739064082065 
-1.93000 0.0117489755493952954172 0.999993098103629388213 
-1.92000 0.0120226443461741290583 0.999992772828506032739 
-1.91000 0.0123026877081238153424 0.999992432223757198347 
-1.90000 0.0125892541179416721042 0.9999920755669313558 
-1.89000 0.0128824955169313396284 0.999991702101529990052 
-1.88000 0.0131825673855640710205 0.999991311035403121925 
-1.87000 0.0134896288259165360925 0.999990901539069223352 
-1.86000 0.0138038426460288483784 0.999990472743955963938 
-1.85000 0.0141253754462275430216 0.999990023740558058842 
-1.84000 0.0144543977074592751193 0.999989553576508312277 
-1.83000 0.014791083881682074222 0.999989061254557766957 
-1.82000 0.0151356124843620816246 0.999988545730460677246 
-1.81000 0.0154881661891248134467 0.999988005910759822034 
-1.80000 0.015848931924611134852 0.999987440650467462248 
-1.79000 0.0162181009735892997285 0.999986848750637026758 
-1.78000 0.0165958690743756063431 0.999986228955820378941 
-1.77000 0.0169824365246174435463 0.999985579951405273768 
-1.76000 0.01737800828749375467 0.999984900360827361452 
-1.75000 0.0177827941003892280123 0.999984188742650827964 
-1.74000 0.018197008586099834401 0.99998344358751148445 
-1.73000 0.0186208713666286744867 0.999982663314915826264 
-1.72000 0.0190546071796324718269 0.999981846269889277273 
-1.71000 0.0194984459975804532357 0.999980990719466515708 
-1.70000 0.0199526231496887960135 0.999980094849016443432 
-1.69000 0.0204173794466952933144 0.99997915675839401036 
-1.68000 0.0208929613085403948312 0.999978174457910739171 
-1.67000 0.0213796208950223209752 0.999977145864115411639 
-1.66000 0.0218776162394955256223 0.999976068795375976047 
-1.65000 0.0223872113856833961195 0.999974940967253314372 
-1.64000 0.0229086765276777304572 0.99997375998765706745 
-1.63000 0.0234422881531992211815 0.999972523351773255067 
-1.62000 0.0239883291901949046532 0.99997122843675294507 
-1.61000 0.0245470891568503035608 0.999969872496150720012 
-1.60000 0.0251188643150958011109 0.999968452654101160536 
-1.59000 0.025703957827688638007 0.999966965899221010542 
-1.58000 0.0263026799189538191729 0.999965409078224109012 
-1.57000 0.026915348039269157174 0.999963778889235565944 
-1.56000 0.0275422870333816644863 0.999962071874791023953 
-1.55000 0.028183829312644538191 0.999960284414506181329 
-1.54000 0.0288403150312660594239 0.999958412717401055363 
-1.53000 0.0295120922666638570793 0.999956452813862735116 
-1.52000 0.0301995172040201619863 0.999954400547229608877 
-1.51000 0.0309029543251359051955 0.999952251564979251924 
-1.50000 0.03162277660168379332 0.999950001309501322993 
-1.49000 0.0323593656929628262679 0.999947645008435941518 
-1.48000 0.0331131121482591094302 0.999945177664557100235 
-1.47000 0.0338844156139202547048 0.99994259404517970738 
-1.46000 0.0346736850452531639453 0.999939888671067847352 
-1.45000 0.0354813389233575458433 0.999937055804820796317 
-1.44000 0.0363078054770101342467 0.999934089438712227613 
-1.43000 0.0371535229097172538617 0.999930983281956888683 
-1.42000 0.038018939632056119615 0.999927730747377824212 
-1.41000 0.0389045144994280601094 0.999924324937445956701 
-1.40000 0.039810717055349725077 0.999920758629662513279 
-1.39000 0.0407380277804112730505 0.999917024261253403316 
-1.38000 0.0416869383470335401771 0.999913113913143202651 
-1.37000 0.0426579518801592658005 0.999909019293174883834 
-1.36000 0.0436515832240165967464 0.999904731718539844742 
-1.35000 0.0446683592150963118556 0.999900242097381126889 
-1.34000 0.0457088189614875029 0.999895540909530976356 
-1.33000 0.0467735141287198193582 0.999890618186342081007 
-1.32000 0.0478630092322638343922 0.999885463489569913667 
-1.31000 0.048977881936844619591 0.999880065889261618553 
-1.30000 0.0501187233627272285002 0.999874413940604793201 
-1.29000 0.0512861383991364855546 0.999868495659687336328 
-1.28000 0.0524807460249772597364 0.999862298498117249039 
-1.27000 0.0537031796370252730904 0.999855809316448887912 
-1.26000 0.0549540873857624552094 0.999849014356359668962 
-1.25000 0.0562341325190349080395 0.999841899211518606267 
-1.24000 0.0575439937337156930062 0.999834448797085332893 
-1.23000 0.0588843655355588967267 0.999826647317775389183 
-1.22000 0.0602559586074357746971 0.999818478234424568796 
-1.21000 0.061659500186148216632 0.999809924228981980102 
-1.20000 0.0630957344480193249434 0.999800967167858203484 
-1.19000 0.0645654229034655515878 0.999791588063551497231 
-1.18000 0.066069344800759600651 0.999781767034471419387 
-1.17000 0.0676082975391981771059 0.999771483262875482922 
-1.16000 0.0691830970918936487534 0.999760714950830539819 
-1.15000 0.0707945784384137910802 0.999749439274106488299 
-1.14000 0.0724435960074990063551 0.99973763233390560854 
-1.13000 0.0741310241300917514913 0.999725269106326347703 
-1.12000 0.0758577575029183768754 0.999712323389455686061 
-1.11000 0.0776247116628691733894 0.999698767747979313777 
-1.10000 0.0794328234724281502066 0.999684573455193722907 
-1.09000 0.0812830516164099246541 0.999669710432298961944 
-1.08000 0.0831763771102671006167 0.999654147184845200571 
-1.07000 0.0851138038202376467817 0.999637850736200399724 
-1.06000 0.0870963589956080637511 0.999620786557900265926 
-1.05000 0.0891250938133745529953 0.999602918496735277591 
-1.04000 0.0912010839355909742121 0.999584208698422893235 
-1.03000 0.0933254300796991043532 0.999564617527706074915 
-1.02000 0.0954992586021435949724 0.999544103484711972354 
-1.01000 0.0977237220955810682697 0.999522623117397001046 
-1.00000 0.1 0.999500130929896597739 
-0.990000 0.102329299228075413097 0.999476579286589635175 
-0.980000 0.104712854805089953346 0.999451918311678810495 
-0.970000 0.107151930523760641741 0.999426095784079273389 
-0.960000 0.109647819614318501314 0.999399057027398315702 
-0.950000 0.112201845430196343559 0.999370744794779087993 
-0.940000 0.114815362149688275155 0.999341099148371024228 
-0.930000 0.117489755493952954172 0.999310057333178926793 
-0.920000 0.120226443461741290583 0.999277553645031473112 
-0.910000 0.123026877081238153424 0.999243519292398234876 
-0.900000 0.125892541179416721042 0.999207882251772133132 
-0.890000 0.128824955169313396284 0.999170567116321568956 
-0.880000 0.131825673855640710205 0.999131494937503251289 
-0.870000 0.134896288259165360925 0.999090583059312971594 
-0.860000 0.138038426460288483784 0.999047744944837229916 
-0.850000 0.141253754462275430216 0.999002889994753678806 
-0.840000 0.144543977074592751193 0.998955923357412800556 
-0.830000 0.14791083881682074222 0.998906745730117049017 
-0.820000 0.151356124843620816246 0.998855253151196849638 
-0.810000 0.154881661891248134467 0.998801336782465340039 
-0.800000 0.15848931924611134852 0.998744882681615527908 
-0.790000 0.162181009735892997285 0.998685771564104623366 
-0.780000 0.165958690743756063431 0.998623878554050648972 
-0.770000 0.169824365246174435463 0.998559072923646022918 
-0.760000 0.1737800828749375467 0.998491217820571630425 
-0.750000 0.177827941003892280123 0.99842016998287292662 
-0.740000 0.18197008586099834401 0.998345779440736833601 
-0.730000 0.186208713666286744867 0.998267889204584588504 
-0.720000 0.190546071796324718269 0.998186334938871252875 
-0.710000 0.194984459975804532357 0.998100944620957292773 
-0.700000 0.199526231496887960135 0.9980115381843914718 
-0.690000 0.204173794466952933144 0.997917927145917255894 
-0.680000 0.208929613085403948312 0.997819914215487001657 
-0.670000 0.213796208950223209752 0.997717292888539384869 
-0.660000 0.218776162394955256223 0.99760984701976582109 
-0.650000 0.223872113856833961195 0.997497350377561038594 
-0.640000 0.229086765276777304572 0.997379566178321491747 
-0.630000 0.234422881531992211815 0.997256246599722962065 
-0.620000 0.239883291901949046532 0.997127132272075501546 
-0.610000 0.245470891568503035608 0.996991951746819851732 
-0.600000 0.251188643150958011109 0.996850420941194652576 
-0.590000 0.25703957827688638007 0.996702242558068175656 
-0.580000 0.263026799189538191729 0.996547105479892023617 
-0.570000 0.26915348039269157174 0.9963846841356972886 
-0.560000 0.275422870333816644863 0.996214637840016124773 
-0.550000 0.28183829312644538191 0.996036610102573643996 
-0.540000 0.288403150312660594239 0.995850227907556582897 
-0.530000 0.295120922666638570793 0.995655100961226423351 
-0.520000 0.301995172040201619863 0.995450820906605702283 
-0.510000 0.309029543251359051955 0.99523696050392726569 
-0.500000 0.3162277660168379332 0.995013072775497371062 
-0.490000 0.323593656929628262679 0.994778690113585010281 
-0.480000 0.331131121482591094302 0.994533323349911825362 
-0.470000 0.338844156139202547048 0.99427646078527976347 
-0.460000 0.346736850452531639453 0.994007567177837438072 
-0.450000 0.354813389233575458433 0.99372608268845133601 
-0.440000 0.363078054770101342467 0.993431421781614879449 
-0.430000 0.371535229097172538617 0.993122972080297301454 
-0.420000 0.38018939632056119615 0.992800093173105754158 
-0.410000 0.389045144994280601094 0.992462115372108517705 
-0.400000 0.39810717055349725077 0.99210833841964514952 
-0.390000 0.407380277804112730505 0.991738030142431498804 
-0.380000 0.416869383470335401771 0.991350425051254367192 
-0.370000 0.426579518801592658005 0.990944722884542950558 
-0.360000 0.436515832240165967464 0.990520087094102853084 
-0.350000 0.446683592150963118556 0.990075643271304311372 
-0.340000 0.457088189614875029 0.989610477512030283035 
-0.330000 0.467735141287198193582 0.989123634718713319913 
-0.320000 0.478630092322638343922 0.988614116837823848 
-0.310000 0.48977881936844619591 0.988080881031217918323 
-0.300000 0.501187233627272285002 0.987522837779811106953 
-0.290000 0.512861383991364855546 0.986938848918118596498 
-0.280000 0.524807460249772597364 0.986327725598291283494 
-0.270000 0.537031796370252730904 0.985688226182385903679 
-0.260000 0.549540873857624552094 0.985019054061735701214 
-0.250000 0.562341325190349080395 0.984318855402439325324 
-0.240000 0.575439937337156930062 0.983586216816161855613 
-0.230000 0.588843655355588967267 0.982819662955645786935 
-0.220000 0.602559586074357746971 0.982017654034564327396 
-0.210000 0.61659500186148216632 0.981178583271617605199 
-0.200000 0.630957344480193249434 0.980300774259077729856 
-0.190000 0.645654229034655515878 0.979382478256334776731 
-0.180000 0.66069344800759600651 0.978421871409386622094 
-0.170000 0.676082975391981771059 0.977417051897655421864 
-0.160000 0.691830970918936487534 0.976366037010007002532 
-0.150000 0.707945784384137910802 0.975266760152401464454 
-0.140000 0.724435960074990063551 0.974117067790219193795 
-0.130000 0.741310241300917514913 0.972914716328991924074 
-0.120000 0.758577575029183768754 0.971657368938029555205 
-0.110000 0.776247116628691733894 0.970342592322276602081 
-0.100000 0.794328234724281502066 0.968967853448664291201 
-0.0900000 0.812830516164099246541 0.967530516234252753906 
-0.0800000 0.831763771102671006167 0.966027838204590197597 
-0.0700000 0.851138038202376467817 0.964456967131960505937 
-0.0600000 0.870963589956080637511 0.962814937664555964907 
-0.0500000 0.891250938133745529953 0.961098667959106662061 
-0.0400000 0.912010839355909742121 0.959304956331131853103 
-0.0300000 0.933254300796991043532 0.957430477938760851905 
-0.0200000 0.954992586021435949724 0.955471781518011674923 
-0.010000 0.977237220955810682697 0.953425286189524871769 
0 1. 0.951287278359037948705 
0.010000 1.02329299228075413097 0.949053908736362824027 
0.0200000 1.04712854805089953346 0.946721189500305038152 
0.0300000 1.07151930523760641741 0.944284991639848932622 
0.0400000 1.09647819614318501314 0.941741042505037247974 
0.0500000 1.12201845430196343559 0.939084923604305473253 
0.0600000 1.14815362149688275155 0.936312068688598823444 
0.0700000 1.17489755493952954172 0.933417762166409750578 
0.0800000 1.20226443461741290583 0.930397137897931696788 
0.0900000 1.23026877081238153424 0.927245178420833716014 
0.100000 1.25892541179416721042 0.923956714664721554965 
0.110000 1.28824955169313396284 0.920526426216161771355 
0.120000 1.31825673855640710205 0.916948842201200889284 
0.130000 1.34896288259165360925 0.913218342857601592986 
0.140000 1.38038426460288483784 0.90932916187452762945 
0.150000 1.41253754462275430216 0.905275389583117570967 
0.160000 1.44543977074592751193 0.901050977087267084663 
0.170000 1.4791083881682074222 0.89664974142995402797 
0.180000 1.51356124843620816246 0.892065371896545432388 
0.190000 1.54881661891248134467 0.887291437562664544243 
0.200000 1.5848931924611134852 0.882321396200301787881 
0.210000 1.62181009735892997285 0.877148604661844389762 
0.220000 1.65958690743756063431 0.871766330867478706763 
0.230000 1.69824365246174435463 0.866167767526873173562 
0.240000 1.737800828749375467 0.860346047731045363499 
0.250000 1.77827941003892280123 0.854294262554700160168 
0.260000 1.8197008586099834401 0.848005480812920796744 
0.270000 1.86208713666286744867 0.841472771118699052904 
0.280000 1.90546071796324718269 0.834689226389177048828 
0.290000 1.94984459975804532357 0.827647990948384311561 
0.300000 1.99526231496887960135 0.820342290372403750235 
0.310000 2.04173794466952933144 0.81276546421897157551 
0.320000 2.08929613085403948312 0.80491100177716021689 
0.330000 2.13796208950223209752 0.796772580963629632259 
0.340000 2.18776162394955256223 0.788344110479550186944 
0.350000 2.23872113856833961195 0.779619775326259998128 
0.360000 2.29086765276777304572 0.770594085757556427806 
0.370000 2.34422881531992211815 0.761261929721749891641 
0.380000 2.39883291901949046532 0.75161862881672920357 
0.390000 2.45470891568503035608 0.741659997745797386991 
0.400000 2.51188643150958011109 0.731382407220438112216 
0.410000 2.5703957827688638007 0.720782850207989778347 
0.420000 2.63026799189538191729 0.709859011366999879847 
0.430000 2.6915348039269157174 0.698609339450430222401 
0.440000 2.75422870333816644863 0.68703312238659299933 
0.450000 2.8183829312644538191 0.675130564669542979493 
0.460000 2.88403150312660594239 0.662902866604604956399 
0.470000 2.95120922666638570793 0.650352304860937267631 
0.480000 3.01995172040201619863 0.637482313681908388344 
0.490000 3.09029543251359051955 0.624297565996253447588 
0.500000 3.162277660168379332 0.610804053559459450892 
0.510000 3.23593656929628262679 0.597009165136947768138 
0.520000 3.31131121482591094302 0.582921761620140326145 
0.530000 3.38844156139202547048 0.568552246845630803629 
0.540000 3.46736850452531639453 0.553912632769149537947 
0.550000 3.54813389233575458433 0.539016597533051689542 
0.560000 3.63078054770101342467 0.523879534862453638515 
0.570000 3.71535229097172538617 0.508518593135210849996 
0.580000 3.8018939632056119615 0.492952702399500356386 
0.590000 3.89045144994280601094 0.477202587565126875119 
0.600000 3.9810717055349725077 0.461290765976464278509 
0.610000 4.07380277804112730505 0.445241527592063397004 
0.620000 4.16869383470335401771 0.429080896054361082031 
0.630000 4.26579518801592658005 0.41283656903842458653 
0.640000 4.36515832240165967464 0.396537836426660412939 
0.650000 4.46683592150963118556 0.380215475071592614046 
0.660000 4.57088189614875029 0.363901619184795911204 
0.670000 4.67735141287198193582 0.347629605729042369974 
0.680000 4.78630092322638343922 0.331433794593049983304 
0.690000 4.8977881936844619591 0.315349363792058615846 
0.700000 5.01187233627272285002 0.299412080458382288469 
0.710000 5.12861383991364855546 0.283658048956796913914 
0.720000 5.24807460249772597364 0.268123438069719048552 
0.730000 5.37031796370252730904 0.252844189833008629217 
0.740000 5.49540873857624552094 0.237855713248120977388 
0.750000 5.62341325190349080395 0.223192566730536091897 
0.760000 5.75439937337156930062 0.208888133755686017286 
0.770000 5.88843655355588967267 0.19497429670788330969 
0.780000 6.02559586074357746971 0.18148111439989370308 
0.790000 6.1659500186148216632 0.168436509085678283105 
0.800000 6.30957344480193249434 0.155865969012566797914 
0.810000 6.45654229034655515878 0.143792272630379308432 
0.820000 6.6069344800759600651 0.132235240476376906475 
0.830000 6.76082975391981771059 0.121211520474238199228 
0.840000 6.91830970918936487534 0.110734411916827758195 
0.850000 7.07945784384137910802 0.100813732748076006065 
0.860000 7.24435960074990063551 0.0914557339286381293799 
0.870000 7.41310241300917514913 0.0826630636812851579295 
0.880000 7.58577575029183768754 0.0744347832914683412966 
0.890000 7.76247116628691733894 0.0667664349198764306584 
0.900000 7.94328234724281502066 0.0596501606069997969735 
0.910000 8.12830516164099246541 0.0530748703592567913976 
0.920000 8.31763771102671006167 0.0470264559492640464629 
0.930000 8.51138038202376467817 0.0414880458868297361199 
0.940000 8.70963589956080637511 0.0364402959676712228687 
0.950000 8.91250938133745529953 0.0318617089247750439009 
0.960000 9.12010839355909742121 0.0277289760272407891822 
0.970000 9.33254300796991043532 0.0240173330194938294835 
0.980000 9.54992586021435949724 0.0207009225862341270448 
0.990000 9.77237220955810682697 0.017753155571084998146 
1.00000 10. 0.0151470634643965386405 
1.01000 10.2329299228075413097 0.012855635192285515414 
1.02000 10.4712854805089953346 0.0108521319593986869541 
1.03000 10.7151930523760641741 0.00911037478855963812491 
1.04000 10.9647819614318501314 0.0076050004215960796762 
1.05000 11.2201845430196343559 0.00631168235328951903989 
1.06000 11.4815362149688275155 0.00520731491872471912352 
1.07000 11.7489755493952954172 0.0042701594979585002086 
1.08000 12.0226443461741290583 0.00347995299809326926335 
1.09000 12.3026877081238153424 0.00281797978326882087449 
1.10000 12.5892541179416721042 0.00226710911561388190929 
1.11000 12.8824955169313396284 0.00181180091992679159949 
1.12000 13.1825673855640710205 0.00143808327485571378629 
1.13000 13.4896288259165360925 0.001133505454913938079 
1.14000 13.8038426460288483784 0.000887070600101407383104 
1.15000 14.1253754462275430216 0.00068915217992266812165 
1.16000 14.4543977074592751193 0.000531398359362976622983 
1.17000 14.791083881682074222 0.000406628184318896641873 
1.18000 15.1356124843620816246 0.000308723205340641527314 
1.19000 15.4881661891248134467 0.000232517775976038512415 
1.20000 15.848931924611134852 0.000173690821076736256107 
1.21000 16.2181009735892997285 0.000128661396255489547721 
1.22000 16.5958690743756063431 0.0000944898757376181067386 
1.23000 16.9824365246174435463 0.0000687861329639009701173 
1.24000 17.37800828749375467 0.0000496256339479377294654 
1.25000 17.7827941003892280123 0.0000354739612241749692833 
1.26000 18.197008586099834401 0.0000251199359008674230434 
1.27000 18.6208713666286744867 0.0000176172125835310141865 
1.28000 19.0546071796324718269 0.0000122339888439630598733 
1.29000 19.4984459975804532357 8.41029637653037541018e-6 
1.30000 19.9526231496887960135 5.72222129632149005998e-6 
1.31000 20.4173794466952933144 3.85233051415390902569e-6 
1.32000 20.8929613085403948312 2.56555278025721720491e-6 
1.33000 21.3796208950223209752 1.68976914244574901946e-6 
1.34000 21.8776162394955256223 1.10040040424609250999e-6 
1.35000 22.3872113856833961195 7.08331211885417625408e-7 
1.36000 22.9086765276777304572 4.50574846934618063155e-7 
1.37000 23.4422881531992211815 2.83153776627878369637e-7 
1.38000 23.9883291901949046532 1.75743693187401385154e-7 
1.39000 24.5470891568503035608 1.07699423389017023066e-7 
1.40000 25.1188643150958011109 6.51470240684899111976e-8 
1.41000 25.703957827688638007 3.88858590631583317863e-8 
1.42000 26.3026799189538191729 2.28965472865057090991e-8 
1.43000 26.915348039269157174 1.32951001565145391033e-8 
1.44000 27.5422870333816644863 7.61053990921294860717e-9 
1.45000 28.183829312644538191 4.29335891387176064283e-9 
1.46000 28.8403150312660594239 2.38610236318872206189e-9 
1.47000 29.5120922666638570793 1.3059902192366888125e-9 
1.48000 30.1995172040201619863 7.03712179158083157132e-10 
1.49000 30.9029543251359051955 3.73160964887590406275e-10 
1.50000 31.62277660168379332 1.94662082299410188653e-10 
1.51000 32.3593656929628262679 9.98584422449565312635e-11 
1.52000 33.1131121482591094302 5.0354334510418623005e-11 
1.53000 33.8844156139202547048 2.4949624954055987571e-11 
1.54000 34.6736850452531639453 1.21419562273381937508e-11 
1.55000 35.4813389233575458433 5.80134963588555691571e-12 
1.56000 36.3078054770101342467 2.72018960462849424085e-12 
1.57000 37.1535229097172538617 1.25114821982945348508e-12 
1.58000 38.018939632056119615 5.64238940402461162499e-13 
1.59000 38.9045144994280601094 2.49380664056849538701e-13 
1.60000 39.810717055349725077 1.07970225280203752849e-13 
1.61000 40.7380277804112730505 4.57697011378421893392e-14 
1.62000 41.6869383470335401771 1.89876603166622358713e-14 
1.63000 42.6579518801592658005 7.70487565811485339092e-15 
1.64000 43.6515832240165967464 3.0565888515152970573e-15 
1.65000 44.6683592150963118556 1.18483212924410666264e-15 
1.66000 45.7088189614875029 4.48529380111161536878e-16 
1.67000 46.7735141287198193582 1.657294388838522858e-16 
1.68000 47.8630092322638343922 5.97362489752367165064e-17 
1.69000 48.977881936844619591 2.09920515794693304149e-17 
1.70000 50.1187233627272285002 7.18776300006286346976e-18 
1.71000 51.2861383991364855546 2.39657950168363100619e-18 
1.72000 52.4807460249772597364 7.77643131505371550672e-19 
1.73000 53.7031796370252730904 2.45405430159341709934e-19 
1.74000 54.9540873857624552094 7.52699860620199702159e-20 
1.75000 56.2341325190349080395 2.24235979307048862706e-20 
1.76000 57.5439937337156930062 6.48395213286553950238e-21 
1.77000 58.8843655355588967267 1.81854362088526340011e-21 
1.78000 60.2559586074357746971 4.9436580165508745417e-22 
1.79000 61.659500186148216632 1.30166149360260511171e-22 
1.80000 63.0957344480193249434 3.31703033204232543295e-23 
1.81000 64.5654229034655515878 8.17470061979640113849e-24 
1.82000 66.069344800759600651 1.94682482419387068715e-24 
1.83000 67.6082975391981771059 4.47680515742493693666e-25 
1.84000 69.1830970918936487534 9.93210809019298759423e-26 
1.85000 70.7945784384137910802 2.12414412572482646649e-26 
1.86000 72.4435960074990063551 4.37547039802743070395e-27 
1.87000 74.1310241300917514913 8.67329319630785616131e-28 
1.88000 75.8577575029183768754 1.65300151728001246375e-28 
1.89000 77.6247116628691733894 3.02618037676337636509e-29 
1.90000 79.4328234724281502066 5.31669600532875291309e-30 
1.91000 81.2830516164099246541 8.95566739696526768333e-31 
1.92000 83.1763771102671006167 1.44489783916591925276e-31 
1.93000 85.1138038202376467817 2.23060880589291321757e-32 
1.94000 87.0963589956080637511 3.29162717886413583012e-33 
1.95000 89.1250938133745529953 4.63812344171918715693e-34 
1.96000 91.2010839355909742121 6.23377680181208040862e-35 
1.97000 93.3254300796991043532 7.98287704957150936263e-36 
1.98000 95.4992586021435949724 9.72921293472006093978e-37 
1.99000 97.7237220955810682697 1.12721170051241257547e-37 
2.00000 100. 1.24002532534027865432e-38 
2.01000 102.329299228075413097 1.29368562815518466972e-39 
2.02000 104.712854805089953346 1.27839104294454450779e-40 
2.03000 107.151930523760641741 1.1950514234828772201e-41 
2.04000 109.647819614318501314 1.05544530918630727962e-42 
2.05000 112.201845430196343559 8.79501157948189921026e-44 
2.06000 114.815362149688275155 6.90558580512045926115e-45 
2.07000 117.489755493952954172 5.10183318201305814183e-46 
2.08000 120.226443461741290583 3.54158582710401528831e-47 
2.09000 123.026877081238153424 2.3066670032534790027e-48 
2.10000 125.892541179416721042 1.40748183415399789416e-49 
2.11000 128.824955169313396284 8.03362552334069006047e-51 
2.12000 131.825673855640710205 4.28268385855596904803e-52 
2.13000 134.896288259165360925 2.12894834932279817852e-53 
2.14000 138.038426460288483784 9.85262249345219100364e-55 
2.15000 141.253754462275430216 4.23791882904323608533e-56 
2.16000 144.543977074592751193 1.69132515997152050264e-57 
2.17000 147.91083881682074222 6.25198076882662804217e-59 
2.18000 151.356124843620816246 2.13672643705708121096e-60 
2.19000 154.881661891248134467 6.73949938326353829639e-62 
2.20000 158.48931924611134852 1.95813196091530167863e-63 
2.21000 162.181009735892997285 5.23071608060629804727e-65 
2.22000 165.958690743756063431 1.28213906098523542574e-66 
2.23000 169.824365246174435463 2.87802144813763166147e-68 
2.24000 173.7800828749375467 5.90401820559867377419e-70 
2.25000 177.827941003892280123 1.10454964159634269949e-71 
2.26000 181.97008586099834401 1.88050539792706546588e-73 
2.27000 186.208713666286744867 2.9071130301692688881e-75 
2.28000 190.546071796324718269 4.07165728387330632261e-77 
2.29000 194.984459975804532357 5.15470387157740277679e-79 
2.30000 199.526231496887960135 5.88487728671979812137e-81 
2.31000 204.173794466952933144 6.04402788057087143017e-83 
2.32000 208.929613085403948312 5.57058334167135292382e-85 
2.33000 213.796208950223209752 4.59584048311138699438e-87 
2.34000 218.776162394955256223 3.38531156737074356302e-89 
2.35000 223.872113856833961195 2.22052182054789662195e-91 
2.36000 229.086765276777304572 1.29348295017161380963e-93 
2.37000 234.422881531992211815 6.67290380295400181018e-96 
2.38000 239.883291901949046532 3.04010631478935254155e-98 
2.39000 245.470891568503035608 1.21962149304013340026e-100 
2.40000 251.188643150958011109 4.29573129837708204265e-103 
2.41000 257.03957827688638007 1.32436675066178872932e-105 
2.42000 263.026799189538191729 3.56279853109999912465e-108 
2.43000 269.15348039269157174 8.33695439237871784248e-111 
2.44000 275.422870333816644863 1.69139860999593622207e-113 
2.45000 281.83829312644538191 2.96526322437670096825e-116 
2.46000 288.403150312660594239 4.47694749405172148568e-119 
2.47000 295.120922666638570793 5.80083532684920018412e-122 
2.48000 301.995172040201619863 6.42749824595974249702e-125 
2.49000 309.029543251359051955 6.06810889967121782441e-128 
2.50000 316.2277660168379332 4.86300750238753908266e-131 
2.51000 323.593656929628262679 3.29563542028283045616e-134 
2.52000 331.131121482591094302 1.88130798561826452259e-137 
2.53000 338.844156139202547048 9.01013937221198392632e-141 
2.54000 346.736850452531639453 3.60560312303922780291e-144 
2.55000 354.813389233575458433 1.20055399082805950341e-147 
2.56000 363.078054770101342467 3.31194456090495345277e-151 
2.57000 371.535229097172538617 7.53665986557236086248e-155 
2.58000 380.18939632056119615 1.40838647281261651496e-158 
2.59000 389.045144994280601094 2.1513895907659828835e-162 
2.60000 398.10717055349725077 2.67381507661913850445e-166 
2.61000 407.380277804112730505 2.69074200629957430589e-170 
2.62000 416.869383470335401771 2.18175424532386645748e-174 
2.63000 426.579518801592658005 1.41823316430640561844e-178 
2.64000 436.515832240165967464 7.35294876723215191317e-183 
2.65000 446.683592150963118556 3.02454128771057847591e-187 
2.66000 457.088189614875029 9.81748513568881205859e-192 
2.67000 467.735141287198193582 2.50085142989066538754e-196 
2.68000 478.630092322638343922 4.97130921106749763204e-201 
2.69000 489.77881936844619591 7.66725911481656049986e-206 
2.70000 501.187233627272285002 9.12071280116933858619e-211 
2.71000 512.861383991364855546 8.31782342239421023114e-216 
2.72000 524.807460249772597364 5.77955894150611655583e-221 
2.73000 537.031796370252730904 3.04041576039501435697e-226 
2.74000 549.540873857624552094 1.20312194556900184637e-231 
2.75000 562.341325190349080395 3.55749475906157488285e-237 
2.76000 575.439937337156930062 7.8070919246919760672e-243 
2.77000 588.843655355588967267 1.26278240091479437562e-248 
2.78000 602.559586074357746971 1.49477386275796270385e-254 
2.79000 616.59500186148216632 1.28549936873989883165e-260 
2.80000 630.957344480193249434 7.97233833366371937971e-267 
2.81000 645.654229034655515878 3.53842388576204599873e-273 
2.82000 660.69344800759600651 1.11521870739171090076e-279 
2.83000 676.082975391981771059 2.47612875620009922747e-286 
2.84000 691.830970918936487534 3.84154270478881669543e-293 
2.85000 707.945784384137910802 4.12981978532672844235e-300 
2.86000 724.435960074990063551 3.05027357525818235504e-307 
2.87000 741.310241300917514913 1.534375198276101054e-314 
2.88000 758.577575029183768754 5.20983314686855709788e-322 
2.89000 776.247116628691733894 1.18314888866848334897e-329 
2.90000 794.328234724281502066 1.78036719987261920161e-337 
2.91000 812.830516164099246541 1.75821043245391325043e-345 
2.92000 831.763771102671006167 1.12839904090683744365e-353 
2.93000 851.138038202376467817 4.65935087030861629934e-362 
2.94000 870.963589956080637511 1.22517376541529947021e-370 
2.95000 891.250938133745529953 2.03008546941398005046e-379 
2.96000 912.010839355909742121 2.09702581628232824824e-388 
2.97000 933.254300796991043532 1.33562855872767511442e-397 
2.98000 954.992586021435949724 5.18642829168509844882e-407 
2.99000 977.237220955810682697 1.21379731845316346714e-416 
3.00000 1000.                  1.6919862991831522551e-426 
============================================================